40774
1633
23735
63307
6837
63066
14152
12000
24332
27402
26875
5659
48425
25530
25315
51785
39195
28226
61398
32996
46659
2715
1557
42400
36972
64943
50436
11214
39626
9187
5222
53467
15034
8943
60763
46738
17450
52109
13812
40673
14663
2186
31922
16491
7065
53100
13617
53338
13288
40646
39469
9723
57974
30307
56145
48358
2600
8045
18101
55154
48189
34305
46907
52208
1839
37565
558
48393
3027
64185
5019
41472
20219
24613
22252
45870
20513
31348
21468
5661
15791
60147
39149
63031
30773
56024
10593
41860
64146
23805
9016
34926
46328
31882
60827
50020
17775
1096
20389
64317
30385
28954
62585
1898
23088
19450
45859
11115
5305
47444
50408
3457
26502
19822
52899
2379
4960
55818
37341
55388
24534
27602
3040
45688
62996
2440
28650
25405
42299
59692
58985
30958
58833
16107
43048
27115
8067
30498
25863
39688
30087
64468
15023
59463
10683
42070
14904
50977
32952
21663
